     0/299    0.845G    0.1125   0.03996   0.04014    0.1926        34       640         0         0         0         0   0.09773   0.03982   0.04025
     1/299    0.847G   0.09899   0.04536   0.03166     0.176         5       640    0.3387   0.04074   0.06901   0.03453   0.08245   0.04632   0.03939
     2/299    0.847G   0.08646   0.04501   0.03035    0.1618         6       640   0.01992    0.1407    0.1173   0.03912   0.06863   0.04363   0.04009
     3/299    0.847G   0.08013   0.04188   0.03084    0.1528         3       640   0.01964   0.04083    0.1191   0.03879   0.07331   0.03658   0.03859
     4/299    0.847G   0.08194   0.04139   0.02933    0.1527        28       640   0.01521    0.1481   0.05063  0.009435   0.07238   0.03881   0.03906
     5/299    0.847G   0.07679   0.04385    0.0292    0.1498        23       640   0.02858    0.1778    0.1075     0.036   0.05155   0.04553   0.03684
     6/299    0.847G   0.06682   0.04622   0.02936    0.1424         3       640    0.3545       0.3    0.3376    0.1609   0.05856   0.03942   0.03671
     7/299    0.847G   0.06341   0.04665    0.0281    0.1382         4       640    0.1027   0.01481   0.05615   0.01425   0.06627   0.05804   0.03952
     8/299    0.847G   0.05701   0.05093   0.02651    0.1344         3       640   0.02979    0.6296    0.3515    0.1262   0.04791   0.06202   0.03689
     9/299    0.847G   0.05641   0.05354   0.02872    0.1387        44       640    0.3733    0.6111    0.5694    0.1725   0.05576   0.04717   0.03949
    10/299    0.847G   0.05783   0.04405   0.02587    0.1278         8       640    0.3985    0.2852    0.4287    0.2355   0.04271   0.04403   0.04387
    11/299    0.847G   0.05418   0.04265   0.02383    0.1207        13       640    0.3961    0.6037    0.3731    0.1019   0.05502   0.03947   0.03873
    12/299    0.847G    0.0546   0.03828   0.02556    0.1184         3       640       0.4    0.6704    0.4296    0.1758   0.04293   0.03974   0.03409
    13/299    0.847G   0.05526   0.04371   0.02365    0.1226         5       640    0.2513    0.7033    0.6194    0.3075   0.04614   0.04817   0.03377
    14/299    0.847G   0.05375   0.03975   0.02466    0.1182         6       640    0.7228     0.663    0.6178    0.2934   0.03768   0.04357   0.04254
    15/299    0.847G    0.0493   0.03888   0.02241    0.1106        31       640    0.3347    0.6621    0.6275    0.3209    0.0425   0.03879   0.03181
    16/299    0.847G   0.05403   0.04054   0.02159    0.1162        20       640    0.3357    0.7883    0.6578    0.3433   0.03962   0.04377   0.03167
    17/299    0.847G   0.05008   0.04222   0.02252    0.1148        10       640    0.3453    0.8141    0.6962    0.4016   0.03958    0.0468   0.03257
    18/299    0.847G   0.04737   0.03802    0.0207    0.1061         8       640    0.3422    0.7413    0.6639    0.3636   0.04391   0.04051   0.03119
    19/299    0.847G   0.04909   0.04116   0.01924    0.1095        33       640    0.2915    0.8073    0.7077     0.367   0.04371   0.04493   0.03334
    20/299    0.847G   0.04511   0.03895   0.01958    0.1036        10       640    0.3334     0.714    0.7123    0.4435   0.04463   0.04044   0.03479
    21/299    0.847G   0.04654   0.03972   0.01994    0.1062        17       640    0.3454    0.7703    0.7103     0.341   0.03772   0.04329   0.03371
    22/299    0.847G   0.04827   0.04107   0.01861     0.108        25       640    0.3813    0.8712    0.7306    0.4183   0.03726   0.04084   0.02999
    23/299    0.847G    0.0448   0.03679   0.01781   0.09941         6       640    0.3969    0.8299    0.7697    0.3957   0.03677   0.04178   0.02833
    24/299    0.847G   0.04728   0.03586   0.01958    0.1027         7       640    0.3935    0.7222    0.3899    0.1812   0.04099   0.04393   0.04357
    25/299    0.847G   0.04504   0.03698   0.01822    0.1002         2       640    0.3484     0.759     0.619    0.3236   0.04238   0.05046   0.04076
    26/299    0.847G   0.04508   0.03804   0.01759    0.1007         8       640    0.3085    0.8423    0.7301    0.4042   0.04188   0.04219   0.03225
    27/299    0.847G   0.04551   0.03572   0.01776   0.09899         4       640    0.3728    0.7814    0.7404    0.4081   0.03496   0.04669   0.03775
    28/299    0.847G   0.04477   0.04224   0.01872    0.1057         6       640    0.3779    0.7778     0.641    0.3231   0.04389   0.04677   0.04174
    29/299    0.847G   0.04502   0.03984   0.01748    0.1023        15       640    0.3463     0.737    0.4653    0.2337   0.03796    0.0456   0.03592
    30/299    0.847G   0.04471    0.0389   0.01734    0.1009         7       640    0.3709    0.8067    0.7164    0.3268   0.03528   0.04798    0.0305
    31/299    0.847G   0.04689   0.03817   0.01638    0.1014        26       640    0.3848    0.7444    0.6849    0.3329   0.03806   0.04448   0.03769
    32/299    0.847G   0.04554   0.03867   0.01501   0.09922        70       640    0.3154    0.7778    0.6242    0.3371   0.04134   0.04879   0.03476
    33/299    0.847G   0.04138   0.03763   0.01696   0.09597        12       640    0.3948    0.7873    0.6789    0.3031   0.04035   0.04269   0.04113
    34/299    0.847G   0.04151   0.03659   0.01649   0.09459        15       640    0.3744    0.7731    0.6666    0.4188   0.03711   0.04664   0.04299
    35/299    0.847G   0.04083   0.03461   0.01553   0.09098         2       640    0.3773    0.7111    0.6658    0.2799   0.03857     0.039   0.04827
    36/299    0.847G   0.04332   0.03327   0.01524   0.09183        13       640    0.4657    0.7267    0.5742    0.3537   0.04396   0.03816   0.05105
    37/299    0.847G   0.04503   0.03691   0.01458   0.09651         9       640    0.5135    0.7476    0.5857    0.3641   0.04072   0.04565   0.04504
    38/299    0.847G   0.04586   0.03498   0.01366    0.0945         2       640    0.3202    0.7701    0.6393    0.3716   0.03636   0.04575   0.04219
    39/299    0.847G   0.04107   0.03244   0.01414   0.08764         6       640    0.3427    0.7577    0.7042    0.3319   0.04194   0.04794   0.03645
    40/299    0.847G   0.04204   0.03363   0.01305   0.08872         9       640    0.3786    0.7758    0.7249    0.4196   0.03599   0.04936    0.0374
    41/299    0.847G    0.0404   0.03519   0.01247   0.08806        14       640     0.381    0.9158    0.6256    0.3302   0.03407   0.04144    0.0245
    42/299    0.847G   0.04206   0.03183   0.01147   0.08536         6       640    0.3138    0.7878    0.6363     0.386   0.03597   0.04394   0.03974
    43/299    0.847G   0.04377   0.03426   0.01219   0.09022        12       640    0.3439    0.8707    0.5976      0.29   0.03455   0.04323   0.02797
    44/299    0.847G   0.04122    0.0372   0.01098    0.0894        28       640    0.4056    0.7519    0.5164    0.2193   0.03884   0.04264   0.04867
    45/299    0.847G   0.03909   0.03554    0.0126   0.08723         8       640    0.3653    0.7362    0.6543    0.3867   0.03757   0.04359   0.04579
    46/299    0.847G   0.04218   0.03187   0.01191   0.08597         5       640    0.2715    0.7307    0.6558    0.3654   0.04065   0.04761   0.03981
    47/299    0.847G    0.0419   0.03546   0.01094    0.0883         5       640    0.3126    0.7519    0.6939    0.3631   0.03309     0.042   0.03148
    48/299    0.847G   0.03704   0.03363   0.01295   0.08362        19       640    0.3497     0.861     0.783    0.4122   0.03309   0.04813   0.02962
    49/299    0.847G   0.04131   0.03289   0.01102   0.08521         4       640    0.3027    0.7422    0.6937    0.2712   0.04464   0.04693   0.03663
    50/299    0.847G   0.04187   0.03379   0.01144    0.0871         5       640    0.3615    0.8333    0.7162    0.2683   0.03635   0.04502    0.0331
    51/299    0.847G    0.0384   0.03549   0.01035   0.08424         3       640     0.385    0.7778    0.6538     0.356   0.03558   0.04929   0.03366
    52/299    0.847G   0.04434   0.03165    0.0106   0.08659        44       640    0.3306    0.6936    0.6607    0.4098   0.03776   0.04131   0.04163
    53/299    0.847G   0.04034   0.03285    0.0114    0.0846         7       640    0.3638    0.8104    0.6913    0.3549   0.03573   0.04095   0.03398
    54/299    0.847G   0.03747   0.03399  0.008597   0.08006        27       640    0.2856    0.7797    0.6636    0.4402   0.03438   0.05049   0.03684
    55/299    0.847G   0.03836   0.03631  0.008846   0.08351         2       640    0.3737    0.8554    0.7596    0.4717    0.0334    0.0454   0.02777
    56/299    0.847G   0.03963   0.03482  0.007836   0.08229         8       640    0.3499    0.8679    0.5953    0.3171   0.03724   0.04207   0.03174
    57/299    0.847G   0.03949   0.03056   0.00891   0.07896        13       640    0.3527    0.7444     0.691    0.4135   0.03447   0.04956   0.02881
    58/299    0.847G   0.03886    0.0328  0.008398   0.08006        37       640    0.4078    0.8185    0.7597    0.4093   0.03426   0.04891   0.02376
    59/299    0.847G   0.03965    0.0294  0.008982   0.07804         6       640    0.3399    0.7223    0.6633    0.4216   0.03789   0.05118   0.02773
    60/299    0.847G   0.04029   0.03128  0.008543   0.08012        12       640     0.331    0.7444     0.737    0.3736   0.03563   0.04959   0.02603
    61/299    0.847G   0.04237   0.03297  0.008212   0.08355        47       640    0.2936    0.6852    0.6758    0.3958   0.03506   0.04715   0.04287
    62/299    0.847G   0.03798   0.03251     0.009   0.07949         7       640    0.3406    0.7173    0.6825    0.4209   0.03575   0.04253   0.04379
    63/299    0.847G   0.03692   0.02835  0.007492   0.07277         4       640    0.3989    0.7778     0.705    0.2902    0.0374   0.04319   0.04116
    64/299    0.847G   0.04082   0.03513  0.005896   0.08185        14       640     0.388    0.7852    0.6613    0.3654   0.03638    0.0444   0.02868
    65/299    0.847G   0.03777   0.03167  0.005614   0.07506         3       640    0.3367    0.8519    0.7758    0.4185   0.03435   0.04861   0.02385
    66/299    0.847G   0.04043   0.03213  0.005871   0.07843        11       640    0.3503    0.8444    0.7097    0.3999   0.03512   0.04542    0.0201
    67/299    0.847G   0.03697   0.03223  0.006178   0.07538        57       640    0.4135    0.8389    0.7974    0.3535   0.03399   0.04566   0.01852
    68/299    0.847G   0.03731   0.03056  0.005313   0.07318         9       640    0.3802    0.8556    0.7726    0.2365   0.03654   0.04025   0.01309
    69/299    0.847G   0.03719   0.02911  0.004842   0.07114         9       640    0.3779    0.8778    0.7925    0.5069   0.03558   0.04284   0.01183
    70/299    0.847G   0.04054   0.03082  0.004524   0.07588         8       640      0.42    0.8926    0.8114    0.5006   0.03455   0.04738   0.01271
    71/299    0.847G   0.04008   0.03029  0.005209   0.07558        36       640    0.3475    0.8444    0.7573    0.3759   0.03573   0.04833   0.01491
    72/299    0.847G   0.03537   0.02938  0.005801   0.07054        34       640    0.4129    0.8197    0.7591    0.5202   0.03454   0.05325   0.01526
    73/299    0.847G   0.03919   0.02989  0.004513    0.0736        32       640    0.4249    0.8308     0.767    0.4753   0.03661   0.04576   0.01361
    74/299    0.847G   0.03757   0.02643  0.004039   0.06803        20       640    0.3641    0.8778    0.7694     0.418   0.03372   0.04543   0.01208
    75/299    0.847G   0.03934   0.02759  0.004463   0.07139        14       640    0.4549    0.7889    0.7559    0.4716   0.03386   0.04763   0.01135
    76/299    0.847G   0.03428   0.02503  0.004634   0.06394         8       640    0.4074    0.7889    0.6779    0.2955   0.03505   0.05346   0.02358
    77/299    0.847G   0.03718   0.03125  0.003689   0.07212        34       640    0.3921    0.7793    0.6803    0.4208   0.03986   0.05461   0.02766
    78/299    0.847G   0.03791   0.02865  0.003465   0.07002        44       640    0.3787    0.7461     0.701    0.4351   0.03392   0.04893   0.02388
    79/299    0.847G   0.03771   0.02902  0.003393   0.07013         9       640    0.3806    0.8148    0.7491     0.402   0.03505   0.04527   0.01883
    80/299    0.847G   0.03767   0.02889  0.004055   0.07061        10       640    0.2923    0.8222     0.708    0.4319   0.04061   0.04734   0.01358
    81/299    0.847G   0.03839   0.02776  0.004725   0.07087        16       640    0.4643    0.7815    0.7528    0.3952   0.03748   0.04886   0.02078
    82/299    0.847G   0.03499   0.02685  0.004471   0.06631        21       640    0.4612     0.806    0.7516    0.4342   0.03786   0.04536   0.01614
    83/299    0.847G   0.03446   0.02953  0.003911   0.06791        13       640    0.5118    0.8889    0.7932    0.4452   0.03662   0.04438   0.01265
    84/299    0.847G   0.03595   0.02801  0.002834    0.0668        40       640    0.5154    0.8168    0.7414    0.3858   0.03563   0.05058   0.01519
    85/299    0.847G    0.0377   0.02847  0.003728    0.0699        17       640    0.3396    0.8012    0.7178    0.4208   0.03874   0.04776   0.01124
    86/299    0.847G   0.03821   0.02713  0.003861    0.0692         6       640    0.3703    0.8963    0.8183    0.4957   0.03439   0.04696  0.008554
    87/299    0.847G   0.03496   0.03089  0.005099   0.07095         6       640    0.3913    0.7921    0.7264    0.3687   0.03833   0.04555   0.02248
    88/299    0.847G   0.03404   0.02844  0.003638   0.06612         6       640    0.4567    0.7055    0.7152    0.3822   0.03731   0.04782   0.01325
    89/299    0.847G   0.03504   0.02813  0.003826     0.067         5       640     0.489     0.837    0.7547    0.4317   0.03586   0.04917   0.01425
    90/299    0.847G   0.03746   0.02621  0.002601   0.06627        10       640     0.527    0.7757    0.7411    0.3965   0.04254   0.04738   0.01105
    91/299    0.847G   0.03609    0.0284  0.003156   0.06764         5       640    0.4026    0.8407    0.7472    0.3697   0.03428   0.04321  0.009521
    92/299    0.847G   0.03416   0.02813  0.002544   0.06484        38       640    0.3956    0.7446    0.7493    0.3887   0.03635   0.04834   0.01427
    93/299    0.847G   0.03482   0.02621   0.00418   0.06521         5       640    0.4558    0.7926    0.7776    0.3935   0.04029   0.04675   0.01085
    94/299    0.847G   0.03705    0.0275  0.002994   0.06755         3       640    0.5013    0.8482    0.7968    0.4358   0.03581   0.04859   0.01111
    95/299    0.847G     0.037   0.02575  0.003079   0.06584        24       640    0.4023    0.7333    0.6763    0.4022   0.03904   0.04838   0.01685
    96/299    0.847G   0.03684   0.02876  0.003891   0.06949        28       640     0.429    0.7902    0.6962    0.3504   0.04022   0.04905   0.01558
    97/299    0.847G   0.03409   0.02801  0.002703    0.0648         9       640    0.4841    0.8349     0.796    0.4496    0.0381   0.05121   0.01572
    98/299    0.847G   0.03551   0.02796  0.002589   0.06605        17       640    0.4845    0.7593     0.764    0.4184   0.03981   0.04775   0.01748
    99/299    0.847G   0.03506   0.02488  0.003863    0.0638         8       640    0.4396    0.7407    0.7287    0.3835   0.03905    0.0494   0.01643
   100/299    0.847G   0.03226   0.02574  0.002663   0.06066        35       640    0.5126    0.7931    0.8107    0.4163   0.03678   0.04992   0.01263
   101/299    0.847G   0.03294   0.02619  0.001982   0.06111         2       640    0.4984    0.7407    0.7355    0.4569   0.03695   0.05373   0.01841
   102/299    0.847G   0.03623   0.02854  0.002638    0.0674         5       640    0.4582    0.7333    0.7063    0.4149   0.03853   0.05206   0.01942
   103/299    0.847G   0.03223   0.02748   0.00222   0.06193        42       640    0.5008    0.7414    0.6841    0.4388    0.0382   0.05139   0.01909
   104/299    0.847G   0.03487   0.02483  0.002077   0.06178         2       640    0.5674    0.7628    0.6837    0.3298   0.03936    0.0545   0.01486
   105/299    0.847G   0.03315   0.02759  0.001845   0.06258        19       640     0.421    0.7185    0.6802    0.3585    0.0379   0.05116   0.02227
   106/299    0.847G   0.03335   0.02597  0.001953   0.06127        44       640    0.5008    0.7995    0.7659    0.4034   0.03559   0.05182   0.01489
   107/299    0.847G   0.03167   0.02491  0.002147   0.05872        30       640    0.5211    0.8222    0.8037    0.4095   0.03557   0.05166   0.01165
   108/299    0.847G   0.02993   0.02587  0.001668   0.05747         4       640     0.489    0.7412    0.7664    0.3555   0.03762   0.05033    0.0131
   109/299    0.847G   0.03031   0.02489  0.001742   0.05694         6       640    0.5422    0.7943    0.7825    0.4241   0.03836   0.04798   0.01153
   110/299    0.847G   0.03175   0.02623  0.002092   0.06007         4       640    0.5302    0.7691    0.7762    0.4643   0.03822   0.04799   0.02201
   111/299    0.847G   0.03181   0.02582  0.001705   0.05933        32       640    0.5113    0.6894    0.7612    0.4693   0.03727   0.04882   0.02856
   112/299    0.847G   0.03327   0.02786  0.001928   0.06306         3       640     0.515    0.6803    0.7584    0.4544    0.0376   0.05279   0.03688
   113/299    0.847G    0.0337   0.02438  0.001786   0.05986        28       640     0.494    0.7796      0.74    0.4514   0.03882   0.05039    0.0212
   114/299    0.847G    0.0315   0.02561  0.002102   0.05922         9       640    0.4963       0.8    0.7718    0.5179   0.03769    0.0505   0.01615
   115/299    0.847G   0.03006   0.02246    0.0019   0.05442        14       640     0.535     0.836    0.8076    0.4398   0.03706   0.04997   0.01568
   116/299    0.847G   0.02987   0.02446   0.00188   0.05621        15       640    0.5418    0.8532    0.8393    0.4926   0.03723   0.04612   0.01387
   117/299    0.847G   0.03204   0.02458  0.001643   0.05826        26       640    0.5402    0.8578    0.8335    0.4478   0.03499   0.04294   0.01385
   118/299    0.847G   0.03252   0.02305  0.001531    0.0571         5       640    0.5252    0.8481    0.8014    0.4907   0.03437   0.04572    0.0147
   119/299    0.847G   0.03095   0.02371  0.001955   0.05661         7       640    0.5275    0.8312    0.7974    0.4495   0.03628   0.04918   0.01473
   120/299    0.847G   0.02855    0.0223  0.001947    0.0528        20       640    0.5374    0.8051    0.7873    0.4348   0.03882   0.04744   0.01469
   121/299    0.847G    0.0312   0.02197  0.001834     0.055        27       640    0.5703    0.7902    0.7671    0.4005   0.03926   0.04806   0.01522
   122/299    0.847G   0.03043   0.02471   0.00178   0.05692         3       640    0.5714    0.8253    0.7619    0.4173   0.03618   0.04749   0.01381
   123/299    0.847G   0.03089   0.02601  0.001738   0.05863        12       640    0.5391    0.7926    0.7407    0.4285   0.03718   0.04816   0.01505
   124/299    0.847G   0.03106   0.02417   0.00161   0.05685         4       640    0.4345     0.776    0.6693    0.3699   0.04096   0.05076   0.01735
   125/299    0.847G   0.02875   0.02486  0.001536   0.05515        32       640    0.5309    0.7688    0.7559    0.4477   0.03739   0.05087   0.02055
   126/299    0.847G   0.03077   0.02409  0.001818   0.05667         5       640    0.5687    0.7737    0.7625     0.421   0.03993      0.05   0.02253
   127/299    0.847G   0.03141   0.02347  0.002828   0.05771         2       640    0.5429       0.9    0.8264    0.3683   0.03604   0.04296   0.00805
   128/299    0.847G   0.03182   0.02516  0.003259   0.06024        20       640    0.5739    0.8815    0.8162    0.5308   0.03386   0.04526   0.01034
   129/299    0.847G   0.03071   0.02782  0.002563   0.06109         7       640    0.5393    0.8556    0.8104    0.4961   0.03523   0.04426   0.01108
   130/299    0.847G   0.02916   0.02036  0.002837   0.05236        10       640    0.5315    0.8407    0.7695    0.4559   0.03486   0.04869   0.01487
   131/299    0.847G   0.03006   0.02427  0.001917   0.05624         5       640    0.5616    0.8461    0.7654    0.4261   0.03933   0.04737   0.01552
   132/299    0.847G   0.02873   0.02572  0.001666   0.05612         7       640    0.5164    0.7965    0.7808    0.4839   0.03768   0.04863   0.02255
   133/299    0.847G   0.03098    0.0236  0.001835   0.05641        10       640    0.4959    0.8207    0.7713    0.4555   0.03741   0.04755   0.02211
   134/299    0.847G   0.03047   0.02258  0.002467   0.05551         4       640    0.5183    0.7452    0.7488    0.4072   0.03684   0.05142   0.03509
   135/299    0.847G   0.02922   0.02294  0.001965   0.05412        37       640    0.4739    0.8074    0.7753    0.4093   0.03888   0.04853   0.02529
   136/299    0.847G   0.02802   0.02457  0.001874   0.05446         9       640    0.5216    0.8407    0.8013    0.4851   0.03512   0.04975   0.01642
   137/299    0.847G   0.03116   0.02452  0.001527    0.0572         9       640    0.5355    0.7741    0.7341    0.4365   0.03479   0.05418   0.01856
   138/299    0.847G    0.0292    0.0253  0.001468   0.05596         1       640    0.4926    0.7667     0.749    0.4747   0.03575   0.05275   0.01996
   139/299    0.847G   0.02754   0.02497  0.001241   0.05376        45       640    0.5287    0.8353    0.7597    0.4763   0.03687   0.04996   0.01786
   140/299    0.847G   0.02861    0.0243  0.001356   0.05427        48       640    0.5126    0.8296    0.7631    0.4329   0.03644   0.04875   0.01937
   141/299    0.847G   0.02854   0.02263  0.001484   0.05265        14       640    0.4866    0.7226    0.7063    0.4567   0.03818   0.05105   0.02593
   142/299    0.847G   0.02876   0.02343  0.001325   0.05351         3       640    0.4866    0.8111    0.7233    0.3839   0.03665    0.0524   0.01784
   143/299    0.847G   0.02689   0.02313  0.001365   0.05138        11       640    0.4623    0.8037    0.7352    0.4402   0.03469   0.05192   0.01568
   144/299    0.847G   0.02844   0.02401  0.001542   0.05399         6       640    0.5138    0.8268    0.7465    0.4351   0.03595   0.05069   0.01403
   145/299    0.847G   0.02833   0.02122  0.001514   0.05107        10       640     0.475    0.8004    0.7233    0.4361   0.03545   0.05042   0.01598
   146/299    0.847G   0.03017   0.02596  0.001525   0.05766         5       640    0.5376    0.8035    0.7516    0.4532    0.0339   0.05052   0.01637
   147/299    0.847G    0.0266   0.02264   0.00131   0.05054         4       640    0.4382    0.8432    0.6902    0.3808   0.03685   0.05084   0.01597
   148/299    0.847G   0.02696   0.02414  0.001769   0.05286        18       640    0.5142    0.8268     0.738    0.4361   0.03451   0.05284    0.0179
   149/299    0.847G    0.0304   0.02537  0.001807   0.05757         8       640    0.5348    0.8331    0.7915    0.4908   0.03652   0.04837   0.01298
   150/299    0.847G    0.0289   0.02299   0.00171   0.05361         2       640    0.5259    0.8835    0.8152    0.5127    0.0334   0.04725   0.01228
   151/299    0.847G   0.02767   0.02312  0.001339   0.05213         4       640    0.5646     0.862    0.7768    0.4594   0.03535   0.05086   0.01318
   152/299    0.847G    0.0262    0.0241  0.001083   0.05138        11       640    0.5644    0.8434    0.7578    0.4459   0.03485   0.05481   0.01681
   153/299    0.847G   0.02544    0.0212  0.001138   0.04777         3       640    0.5206    0.8218    0.7347    0.3828     0.036   0.05466   0.01965
   154/299    0.847G   0.02708   0.02294  0.001311   0.05133         8       640    0.4915    0.7891     0.707    0.4139   0.03642   0.05512   0.02043
   155/299    0.847G   0.02756   0.02119  0.001283   0.05003         7       640    0.5413    0.7394    0.7065    0.3965   0.04026   0.05221   0.02794
   156/299    0.847G   0.02581   0.02183  0.001255   0.04889        21       640    0.4809    0.7839    0.7076    0.3729   0.04106   0.05538   0.02213
   157/299    0.847G   0.02671     0.021  0.001241   0.04894         7       640    0.4784     0.784    0.7179    0.3714   0.04068   0.05447   0.02012
   158/299    0.847G   0.02595    0.0219  0.001438   0.04929        32       640    0.5284    0.8353    0.7804    0.4171   0.03707   0.05369   0.01956
   159/299    0.847G   0.02484   0.02082   0.00112   0.04678        15       640    0.5422    0.7938    0.7832    0.4307   0.03668    0.0543   0.01965
   160/299    0.847G   0.02773   0.02345  0.001159   0.05234        10       640    0.5387    0.7735    0.7675    0.4229    0.0373   0.05589   0.02203
   161/299    0.847G   0.02694   0.02148 0.0009745   0.04939         9       640     0.526    0.7775    0.7571    0.4808   0.03692   0.05504   0.02493
   162/299    0.847G   0.02648   0.02322  0.001123   0.05082        27       640    0.4993    0.8222    0.7611    0.4206   0.03785   0.05085   0.01986
   163/299    0.847G   0.02768   0.02182  0.001403    0.0509        18       640    0.5431    0.8421    0.7582    0.4809   0.03584   0.04985   0.01872
   164/299    0.847G   0.02585    0.0218  0.001989   0.04964         9       640    0.5335    0.7917    0.7623    0.4816   0.03491   0.05175   0.02132
   165/299    0.847G   0.02499   0.02336  0.001319   0.04967        25       640    0.5383    0.8222    0.7504    0.4915   0.03395   0.05202   0.01765
   166/299    0.847G   0.02588   0.02244  0.001547   0.04986        13       640    0.5619    0.7932    0.7216    0.4479   0.03581   0.05191   0.01684
   167/299    0.847G   0.02758   0.02132  0.001373   0.05027        11       640    0.5937    0.8326    0.7592    0.4411   0.03762   0.05024   0.01852
   168/299    0.847G   0.02547   0.02115  0.001386   0.04801        34       640    0.5201    0.8072    0.7334    0.4436    0.0364   0.05037   0.01697
   169/299    0.847G   0.02694   0.02201  0.001072   0.05002        14       640    0.5458    0.8335    0.7631     0.382   0.03727   0.05199    0.0194
   170/299    0.847G   0.02561   0.02239  0.001319   0.04932        29       640    0.5009    0.8222    0.7618    0.3733   0.03514   0.05097   0.01989
   171/299    0.847G   0.02442   0.02212  0.001219   0.04776        10       640     0.523    0.8367    0.7574    0.4132   0.03454   0.05131   0.02225
   172/299    0.847G   0.02384    0.0211  0.001835   0.04677        17       640    0.5048    0.8222    0.7503     0.417   0.03752   0.05115   0.01889
   173/299    0.847G    0.0257   0.02232  0.001103   0.04912         4       640    0.4892    0.8337    0.7566    0.4617   0.03567   0.04867   0.01681
   174/299    0.847G   0.02416   0.02061  0.001349   0.04612        39       640    0.5674    0.8451    0.7773    0.4476   0.03597   0.05023   0.01377
   175/299    0.847G   0.02441   0.02316 0.0008816   0.04846        47       640    0.5594    0.8411    0.7848    0.4945   0.03492   0.05066   0.01369
   176/299    0.847G   0.02523   0.02232  0.001524   0.04908        59       640    0.5647    0.8513    0.7948    0.5352   0.03577    0.0513   0.01387
   177/299    0.847G   0.02477   0.02234 0.0009603   0.04807        30       640    0.5427    0.8366    0.8001     0.506   0.03652   0.05307   0.01706
   178/299    0.847G   0.02436    0.0207  0.001274   0.04633        22       640    0.4897    0.7889    0.7794    0.4874   0.03481   0.05399   0.01944
   179/299    0.847G   0.02379   0.02174 0.0008036   0.04633         3       640    0.5485    0.8134    0.7627    0.4782   0.03578   0.05428   0.02216
   180/299    0.847G   0.02585   0.02098 0.0009195   0.04775        24       640    0.5736    0.8004    0.7552    0.4479   0.03627    0.0544   0.02198
   181/299    0.847G   0.02437    0.0199   0.00105   0.04532         4       640    0.5765    0.8026    0.7507     0.467   0.03606   0.05321   0.02289
   182/299    0.847G   0.02411   0.02223 0.0008252   0.04717        16       640    0.6327    0.8212    0.7469    0.4791   0.03418    0.0519   0.02225
   183/299    0.847G   0.02416   0.01988  0.000906   0.04494         8       640    0.4702    0.7963    0.7339    0.4087   0.03789   0.05304   0.02094
   184/299    0.847G   0.02626   0.02113  0.001005   0.04839         2       640    0.5133     0.763    0.7345    0.4385    0.0366   0.05203   0.03702
   185/299    0.847G   0.02381   0.02174  0.001196   0.04675         8       640    0.5671    0.7222    0.7383    0.4187   0.03852   0.05198   0.04403
   186/299    0.847G   0.02407   0.02172  0.001084   0.04688         8       640    0.5562    0.8051    0.7556    0.4532    0.0363   0.05328   0.02657
   187/299    0.847G   0.02365   0.02086  0.000765   0.04528        11       640    0.6298    0.8243    0.7461    0.4255   0.03713   0.05331   0.02039
   188/299    0.847G   0.02398   0.02198   0.00085   0.04682         4       640    0.6259    0.8068    0.7501    0.4429   0.03622   0.05297   0.01747
   189/299    0.847G   0.02295   0.01816 0.0008559   0.04196        13       640    0.5922    0.8043    0.7589     0.469   0.03649   0.05273   0.01949
   190/299    0.847G   0.02351   0.02179  0.001078   0.04638        12       640    0.5282    0.8206    0.7583    0.4463   0.03397   0.05153   0.01721
   191/299    0.847G   0.02343   0.02015  0.001008   0.04459        15       640    0.5728    0.8376    0.7589    0.4812    0.0347   0.05234   0.01519
   192/299    0.847G   0.02443   0.02191 0.0008986   0.04724         8       640    0.5781    0.8052    0.7686    0.4862   0.03782   0.05352   0.01351
   193/299    0.847G   0.02294   0.02115 0.0008067   0.04489        20       640    0.5655    0.7637    0.7686    0.4416   0.03727   0.05426   0.01526
   194/299    0.847G   0.02269   0.02046  0.001316   0.04447         7       640    0.5827      0.77    0.7391    0.4356   0.03912   0.05485   0.01735
   195/299    0.847G    0.0234   0.01941 0.0009358   0.04374         4       640    0.6319    0.7567    0.7425    0.4617   0.03795   0.05658   0.01796
   196/299    0.847G   0.02376   0.01938 0.0008843   0.04403         2       640     0.613    0.7422    0.7569    0.4769   0.03677   0.05757    0.0179
   197/299    0.847G   0.02392   0.02031  0.000833   0.04506         8       640    0.6155    0.7973    0.7652    0.4782   0.03709   0.05593   0.01775
   198/299    0.847G   0.02299   0.01916  0.000867   0.04302         2       640    0.5362    0.7973    0.7244    0.4423   0.03776   0.05302   0.01598
   199/299    0.847G   0.02323   0.02047 0.0008431   0.04455        20       640    0.5712    0.7501    0.7225    0.4198   0.04154   0.05139   0.01813
   200/299    0.847G   0.02297   0.02125 0.0007713   0.04499        12       640    0.5826    0.7361    0.7185     0.465   0.03948   0.05328   0.01994
   201/299    0.847G   0.02156   0.01794  0.001057   0.04057        17       640    0.6408    0.7344    0.7539    0.4728   0.04104   0.05476   0.02024
   202/299    0.847G   0.02292   0.02106 0.0007726   0.04475         4       640    0.5591    0.7499    0.7106    0.4601   0.03998   0.05606   0.01902
   203/299    0.847G   0.02401   0.02057 0.0007557   0.04534        33       640     0.587    0.8012    0.7505    0.4812   0.03732   0.05653   0.01728
   204/299    0.847G   0.02302   0.02019  0.000766   0.04398         3       640    0.5903    0.7763    0.7514    0.4313    0.0373     0.055   0.01848
   205/299    0.847G   0.02179   0.01789 0.0008074   0.04049        13       640    0.6285    0.8088    0.7533    0.4656   0.03594   0.05483   0.01842
   206/299    0.847G   0.02165   0.02016 0.0007423   0.04255        22       640      0.55    0.7652    0.7279    0.4301   0.03771   0.05212   0.01839
   207/299    0.847G   0.02152   0.01744 0.0008727   0.03983         1       640    0.5066    0.7667    0.7225    0.4701   0.03616   0.05265   0.02069
   208/299    0.847G   0.02341   0.02057  0.000819    0.0448        76       640    0.5356    0.7877     0.729    0.4701   0.03593   0.05286    0.0211
   209/299    0.847G   0.02321   0.02095  0.000895   0.04506         1       640    0.5276    0.7741    0.7229    0.4782   0.03539   0.05272     0.021
   210/299    0.847G   0.02176   0.02009 0.0006498    0.0425         2       640    0.5813    0.7738    0.7181    0.4696   0.03771   0.05198   0.02271
   211/299    0.847G   0.02181   0.02247 0.0008402   0.04512         3       640    0.5503    0.8132    0.7337    0.4756   0.03675   0.05221    0.0194
   212/299    0.847G   0.02149   0.01962 0.0009793   0.04209         1       640    0.6076    0.8402     0.789    0.4923   0.03556   0.05246   0.01718
   213/299    0.847G   0.02186   0.01838 0.0005517   0.04079        31       640    0.5827    0.7932    0.7317     0.468   0.03656   0.05323   0.01696
   214/299    0.847G   0.02136   0.02059 0.0007945   0.04274         5       640    0.5454    0.7815    0.7257    0.4604   0.03771   0.05467   0.01702
   215/299    0.847G   0.02316   0.02114 0.0005751   0.04487         2       640    0.5358    0.7771    0.7457    0.4716   0.03698   0.05232   0.01797
   216/299    0.847G    0.0206   0.01762 0.0007688   0.03899         8       640    0.5731    0.7971    0.7354    0.4629   0.03651   0.05338   0.02033
   217/299    0.847G    0.0217   0.01811 0.0007531   0.04056        11       640    0.5813    0.7741     0.717    0.4689   0.03792   0.05411   0.02703
   218/299    0.847G   0.02146   0.01947 0.0006822    0.0416         6       640    0.6271    0.7574     0.755     0.472   0.03819    0.0558   0.02207
   219/299    0.847G    0.0213   0.01865  0.000609   0.04056         7       640    0.6042    0.7495    0.7246    0.4693   0.03864   0.05558   0.01954
   220/299    0.847G   0.02098   0.01832  0.001135   0.04043         8       640    0.6398    0.8113    0.7626    0.4694   0.03718   0.05538   0.01774
   221/299    0.847G   0.02087   0.01988  0.000706   0.04146         6       640    0.6436    0.8044    0.7642    0.4791    0.0368   0.05437   0.01708
   222/299    0.847G    0.0207   0.02005 0.0006997   0.04145        36       640    0.6398     0.803    0.7657    0.4722   0.03714   0.05318   0.01718
   223/299    0.847G   0.02009   0.01816 0.0009728   0.03922        11       640    0.6311    0.7757    0.7699     0.477    0.0381   0.05462   0.01994
   224/299    0.847G   0.02127   0.01928 0.0006054   0.04116         4       640    0.6002    0.7674    0.7285    0.4806   0.03838   0.05509    0.0216
   225/299    0.847G   0.02069    0.0193 0.0007939   0.04078         3       640    0.6317    0.7498    0.7285    0.4714   0.03878   0.05722   0.02187
   226/299    0.847G   0.02126   0.02074 0.0005527   0.04255         5       640    0.6009    0.7607    0.7283     0.453   0.04125   0.05768   0.02629
   227/299    0.847G   0.02142    0.0191 0.0007216   0.04123         5       640    0.6289    0.7297     0.736    0.4721   0.04019   0.05946   0.02457
   228/299    0.847G   0.02039   0.01826 0.0008094   0.03947        23       640    0.6244    0.7316     0.729    0.4468   0.04118    0.0585   0.02921
   229/299    0.847G   0.02012   0.01882 0.0009211   0.03987         4       640    0.5308    0.7305    0.7284    0.4662   0.04246   0.05684   0.02748
   230/299    0.847G   0.02029   0.01896 0.0007356   0.03998         6       640      0.53    0.7464    0.7256    0.5034   0.04212   0.05594   0.02335
   231/299    0.847G   0.02132   0.01984 0.0006139   0.04177        26       640    0.5221    0.7465    0.7221    0.4957   0.04141   0.05656   0.02227
   232/299    0.847G   0.02067   0.01908 0.0006705   0.04041        10       640     0.511       0.7    0.7172    0.4512   0.04051   0.05713    0.0242
   233/299    0.847G   0.02132   0.01847 0.0009828   0.04077         6       640    0.6449    0.7316    0.7199    0.4587   0.03925    0.0583   0.02158
   234/299    0.847G   0.02036   0.01944 0.0005731   0.04037        21       640    0.6444    0.7167    0.7234    0.4593   0.03852   0.05884   0.02142
   235/299    0.847G   0.02098   0.01942 0.0005435   0.04094        13       640    0.6473    0.7525    0.7207    0.4979   0.03759   0.05725   0.02446
   236/299    0.847G   0.02167   0.01709 0.0008185   0.03958         3       640    0.6104    0.7593    0.7174    0.4979   0.03757   0.05576   0.02713
   237/299    0.847G   0.02017   0.01818 0.0005617   0.03892         2       640     0.582    0.7519    0.7173    0.4952   0.03829   0.05569    0.0253
   238/299    0.847G   0.01931    0.0177 0.0006809   0.03768         8       640    0.6015     0.737    0.7132    0.4604   0.03945   0.05759   0.02776
   239/299    0.847G    0.0201   0.01803 0.0005928   0.03872         7       640    0.6037    0.7444    0.7198    0.4577   0.03856   0.05873   0.02605
   240/299    0.847G   0.01967   0.01871 0.0005224    0.0389         6       640    0.5897     0.771    0.7163    0.4561   0.03805   0.05754   0.02253
   241/299    0.847G   0.02037   0.01805 0.0006422   0.03906         6       640    0.6371    0.7952    0.7285    0.4663   0.03911   0.05686   0.02288
   242/299    0.847G   0.02065   0.01777  0.000679    0.0391        40       640    0.6331    0.7877    0.7277    0.5032   0.03888   0.05722   0.02342
   243/299    0.847G   0.02047   0.01936 0.0005052   0.04034        25       640    0.5943    0.7667    0.7253    0.4716   0.03745    0.0578   0.01793
   244/299    0.847G   0.01923   0.01849  0.000433   0.03815        15       640    0.6404    0.8182    0.7752    0.4762   0.03603    0.0575   0.01589
   245/299    0.847G   0.02103   0.02068 0.0005753   0.04228         4       640    0.6431    0.8082    0.7712    0.4712   0.03785   0.05705   0.01759
   246/299    0.847G   0.01989   0.01712 0.0005858   0.03759        27       640    0.6486    0.7729     0.762    0.4736   0.03902   0.05799   0.01919
   247/299    0.847G   0.01983   0.01909 0.0007626   0.03968         3       640    0.6485    0.7542    0.7372    0.4549   0.03886   0.06172   0.01975
   248/299    0.847G   0.01945    0.0185 0.0006937   0.03864        18       640    0.6426     0.762    0.7315    0.4892   0.03907   0.06163   0.02033
   249/299    0.847G   0.01952   0.01758 0.0006925   0.03779         8       640    0.6447    0.7651    0.7342    0.4794   0.03963   0.06088   0.01977
   250/299    0.847G   0.02039   0.01931 0.0005702   0.04027         3       640    0.6604    0.7455    0.7595    0.5039   0.03984   0.06078   0.02117
   251/299    0.847G    0.0192   0.01709  0.000725   0.03701         5       640    0.6576     0.769    0.7237    0.5021   0.03932   0.06062   0.01928
   252/299    0.847G   0.01938   0.01869 0.0004398   0.03851         6       640    0.6571    0.7962    0.7285    0.4746   0.03949   0.05968    0.0171
   253/299    0.847G   0.01954   0.01892 0.0005764   0.03903        46       640    0.6155    0.8148     0.725    0.5026   0.03944   0.05766   0.01702
   254/299    0.847G   0.02017   0.01828 0.0005542   0.03901         4       640    0.6472    0.8066    0.7259       0.5    0.0406   0.05678   0.01723
   255/299    0.847G    0.0183   0.01738 0.0005587   0.03623         3       640    0.6323    0.8148    0.7259    0.4963   0.03938   0.05649   0.01763
   256/299    0.847G   0.01958   0.01749 0.0004919   0.03756         5       640    0.6478    0.8148    0.7243     0.495   0.03857   0.05582   0.01692
   257/299    0.847G   0.01962   0.01941 0.0004745    0.0395        44       640    0.6497    0.8081    0.7258    0.4627   0.04013   0.05504    0.0177
   258/299    0.847G   0.01819   0.01764  0.000529   0.03636         4       640    0.6572    0.8032    0.7207    0.4872   0.04037   0.05503   0.01914
   259/299    0.847G   0.01864   0.01759 0.0004306   0.03666        15       640    0.6586    0.8037    0.7567     0.466   0.03998   0.05632   0.01798
   260/299    0.847G   0.01923   0.01873 0.0006875   0.03865        17       640    0.6383    0.8148    0.7262    0.4637   0.03974   0.05645   0.01851
   261/299    0.847G   0.01958   0.01819 0.0004889   0.03826         3       640    0.6422    0.7854    0.7262    0.4606   0.04045    0.0564   0.02013
   262/299    0.847G   0.01875   0.01882   0.00048   0.03805        31       640      0.57    0.7556    0.7153    0.4636   0.04025   0.05567   0.02105
   263/299    0.847G   0.01929   0.01777 0.0008102   0.03788        28       640    0.6038    0.7451    0.7169    0.4535   0.04052   0.05397     0.023
   264/299    0.847G   0.01886   0.01772 0.0003778   0.03695        46       640    0.6546    0.7581    0.7262    0.4955   0.04061   0.05449   0.02115
   265/299    0.847G   0.01895   0.01723 0.0004558   0.03663        17       640    0.6603     0.769    0.7283    0.4667   0.04097   0.05569   0.02058
   266/299    0.847G   0.01907   0.01789 0.0004415   0.03741        13       640    0.6588    0.7648    0.7278    0.4961   0.04134   0.05694   0.02154
   267/299    0.847G   0.01896   0.01757  0.000395   0.03692         9       640    0.6534    0.7889    0.7326    0.4999   0.04052    0.0566   0.01857
   268/299    0.847G   0.01893   0.01748 0.0006241   0.03704         5       640    0.6536    0.7789    0.7337    0.5048   0.03973   0.05721   0.02051
   269/299    0.847G   0.01891   0.01693 0.0005721   0.03641         2       640    0.6499    0.7605    0.7367    0.4751   0.04135   0.05732   0.02217
   270/299    0.847G   0.01999   0.01793 0.0004865   0.03841         9       640    0.6437    0.7474    0.7296     0.474   0.04076   0.05835   0.02005
   271/299    0.847G   0.01853   0.01772 0.0006597   0.03691        13       640     0.641     0.739    0.7298    0.4657   0.04159   0.05962    0.0213
   272/299    0.847G   0.01917   0.01853  0.000473   0.03817         5       640    0.6412    0.7371    0.7353    0.4705    0.0423   0.06082   0.02076
   273/299    0.847G   0.02001    0.0165 0.0005829   0.03709         2       640    0.6424    0.7369     0.746    0.4676   0.04239   0.06049   0.02074
   274/299    0.847G   0.01982    0.0195 0.0005614   0.03989        25       640    0.6395    0.7452    0.7584    0.4771   0.04092   0.05904   0.02385
   275/299    0.847G   0.01882   0.01871 0.0004274   0.03796        17       640    0.6379    0.7583    0.7178    0.4656   0.03879   0.05819   0.02411
   276/299    0.847G   0.01848    0.0167 0.0004735   0.03565        16       640    0.6393     0.739    0.7156    0.4575   0.03985   0.05986   0.02395
   277/299    0.847G   0.01978   0.01892   0.00055   0.03925        16       640    0.6318    0.7437     0.728     0.465   0.04002   0.05914   0.02615
   278/299    0.847G   0.01855   0.01793 0.0003651   0.03684         2       640    0.6367    0.7731    0.7245    0.5028   0.03994   0.05758   0.02507
   279/299    0.847G    0.0196   0.01933 0.0004125   0.03934        22       640    0.6383    0.7755    0.7353    0.4732   0.04036   0.05622   0.02366
   280/299    0.847G   0.01868   0.01895 0.0003649   0.03799        14       640    0.6431    0.7657     0.726    0.4684   0.03987   0.05625    0.0226
   281/299    0.847G   0.01824   0.01747 0.0003879    0.0361         6       640    0.6418    0.7741    0.7307    0.4679   0.03933   0.05673   0.02295
   282/299    0.847G   0.01775   0.01618 0.0003815   0.03431        11       640    0.6381    0.8051    0.7364    0.4744   0.03793   0.05759   0.02434
   283/299    0.847G   0.01915   0.01792 0.0004308    0.0375        15       640    0.6395    0.7903    0.7334    0.4755   0.03821   0.05836    0.0247
   284/299    0.847G   0.01844   0.01823 0.0003924   0.03707        24       640    0.6397     0.772    0.7338     0.473   0.03853   0.05827   0.02143
   285/299    0.847G     0.019   0.01843 0.0003751    0.0378        21       640     0.643    0.7705    0.7679    0.4704   0.04063   0.05748   0.02243
   286/299    0.847G   0.01847   0.01757 0.0004805   0.03652         7       640    0.6421    0.7482    0.7565    0.5134    0.0402   0.05669   0.02181
   287/299    0.847G   0.01866   0.01771 0.0004094   0.03678         5       640    0.6438    0.7766    0.7596    0.5069   0.04031   0.05696   0.02038
   288/299    0.847G    0.0186   0.01922 0.0004299   0.03825        14       640    0.6396    0.7826    0.7331    0.4699   0.03999    0.0574   0.01944
   289/299    0.847G   0.01885   0.01841 0.0003511   0.03761        14       640    0.6349    0.8003    0.7344    0.4687   0.04007   0.05848   0.01908
   290/299    0.847G   0.01857    0.0164 0.0006968   0.03566        17       640    0.6271    0.7778    0.7441    0.4795   0.04033   0.05948    0.0211
   291/299    0.847G   0.01909   0.01976  0.001046   0.03989        35       640    0.6382    0.7712      0.79     0.482   0.04125   0.05874   0.02216
   292/299    0.847G   0.01902   0.01905 0.0005408   0.03861        13       640    0.6372    0.7943    0.7406    0.4334   0.04025    0.0586   0.02161
   293/299    0.847G   0.01901   0.01837 0.0003838   0.03776        22       640    0.6343    0.7582    0.7359    0.4646   0.04106   0.06023   0.02208
   294/299    0.847G    0.0196   0.01748 0.0008403   0.03792        20       640    0.6361    0.7462    0.7151     0.459   0.04186   0.06294   0.02393
   295/299    0.847G   0.01877   0.01645 0.0007222   0.03594        10       640    0.6327    0.7686    0.7195    0.4562   0.04181   0.06309   0.02722
   296/299    0.847G   0.01899    0.0186 0.0006007    0.0382         7       640    0.6341    0.7711    0.7331     0.498   0.04015   0.06132   0.02916
   297/299    0.847G    0.0186   0.01702 0.0005617   0.03618        33       640    0.5759     0.775    0.7276    0.4838   0.03957   0.05918   0.03601
   298/299    0.847G   0.01846   0.01777 0.0009145   0.03715        16       640    0.5851    0.7691    0.7347    0.4639   0.04036   0.05717   0.02682
   299/299    0.847G   0.01793   0.01684 0.0004286    0.0352         4       640    0.6495    0.7869    0.7342    0.4699   0.04035   0.05647   0.01845
